[gd_scene load_steps=37 format=2]

[ext_resource path="res://level/level.gd" type="Script" id=1]
[ext_resource path="res://level/geometry/scenes/props.tscn" type="PackedScene" id=2]
[ext_resource path="res://level/geometry/giprobe_data.res" type="GIProbeData" id=5]
[ext_resource path="res://player/player.tscn" type="PackedScene" id=6]
[ext_resource path="res://enemies/red_robot/red_robot.tscn" type="PackedScene" id=7]
[ext_resource path="res://level/level_music.ogg" type="AudioStream" id=8]
[ext_resource path="res://level/debug.gd" type="Script" id=9]
[ext_resource path="res://level/forklift/flying_forklift.tscn" type="PackedScene" id=12]
[ext_resource path="res://level/geometry/scenes/lights.tscn" type="PackedScene" id=13]
[ext_resource path="res://level/geometry/scenes/core.tscn" type="PackedScene" id=14]
[ext_resource path="res://level/geometry/scenes/structure.tscn" type="PackedScene" id=15]
[ext_resource path="res://level/geometry/environment.tres" type="Environment" id=16]

[sub_resource type="CapsuleShape" id=1]
radius = 39.7506
height = 78.0251

[sub_resource type="Animation" id=2]
resource_name = "mawaru"
length = 30.0
loop = true
tracks/0/type = "value"
tracks/0/path = NodePath(".:rotation_degrees")
tracks/0/interp = 1
tracks/0/loop_wrap = true
tracks/0/imported = false
tracks/0/enabled = true
tracks/0/keys = {
"times": PoolRealArray( 0, 30 ),
"transitions": PoolRealArray( 1, 1 ),
"update": 0,
"values": [ Vector3( 0, 0, 0 ), Vector3( 0, -360, 0 ) ]
}

[sub_resource type="OccluderShapePolygon" id=3]
polygon_points = PoolVector2Array( 4.80229, -33.101, 3.08018, -1.4522, -30.0552, -1.32411, -29.8634, -32.4913 )

[sub_resource type="OccluderShapePolygon" id=5]
polygon_points = PoolVector2Array( -7.64559, 12.4993, -8.09484, -1.73555, -30.106, 24.6176, -30.0199, -1.48293 )

[sub_resource type="OccluderShapePolygon" id=24]
polygon_points = PoolVector2Array( -12.1863, -23.6561, -24.2684, -41.0902, -19.6604, -23.5628, -7.85824, -38.841 )

[sub_resource type="OccluderShapePolygon" id=6]
polygon_points = PoolVector2Array( -7.34487, -5.3155, -32.9838, -14.4177, -32.4613, -5.52054, -7.51064, -15.3238 )

[sub_resource type="OccluderShapePolygon" id=7]
polygon_points = PoolVector2Array( 3.52376, -6.08494, -24.609, -15.4054, -24.7569, -5.0943, 2.58312, -12.1537 )

[sub_resource type="OccluderShapePolygon" id=8]
polygon_points = PoolVector2Array( 3.52376, -6.08494, -24.609, -15.4054, -24.7569, -5.0943, 2.58312, -12.1537 )

[sub_resource type="OccluderShapePolygon" id=25]
polygon_points = PoolVector2Array( -15.2363, -5.2488, -24.609, -15.4054, -24.7569, -5.0943, -15.5928, -15.4052 )

[sub_resource type="OccluderShapePolygon" id=10]
polygon_points = PoolVector2Array( -2.63329, -5.34279, -24.609, -15.4054, -24.7871, -4.74745, -2.88881, -15.435 )

[sub_resource type="OccluderShapePolygon" id=17]
polygon_points = PoolVector2Array( -41.5669, 1.58709, -28.542, -5.7378, -31.1337, -32.2378, -52.4377, -8.12289 )

[sub_resource type="OccluderShapePolygon" id=18]
polygon_points = PoolVector2Array( -37.8557, -2.03779, -59.7506, 22.3384, -72.8289, 15.9366, -45.4469, -9.83544 )

[sub_resource type="OccluderShapePolygon" id=19]
polygon_points = PoolVector2Array( -68.8659, 27.1543, -60.2739, 13.1591, -68.5458, 9.02338, -83.278, 26.0792 )

[sub_resource type="OccluderShapePolygon" id=20]
polygon_points = PoolVector2Array( -78.9044, 19.1323, -64.1978, 30.7626, -75.765, 61.9673, -92.5688, 54.2322 )

[sub_resource type="OccluderShapePolygon" id=4]
polygon_points = PoolVector2Array( 10.3326, -34.1447, 10.3129, 3.47539, 7.38751, 3.41635, 6.75379, -34.3113 )

[sub_resource type="OccluderShapePolygon" id=11]
polygon_points = PoolVector2Array( 10.6356, -18.7164, 7.1121, -1.88607, -2.01629, -1.08196, -5.47162, -20.5733 )

[sub_resource type="OccluderShapePolygon" id=12]
polygon_points = PoolVector2Array( 6.98555, -20.255, 10.6628, -13.6057, -62.5734, 8.71777, -65.2167, 0.464312 )

[sub_resource type="OccluderShapePolygon" id=13]
polygon_points = PoolVector2Array( 11.8312, -44.5862, 14.5557, -11.2637, -19.37, 0.979324, -32.1468, -17.3614 )

[sub_resource type="OccluderShapePolygon" id=21]
polygon_points = PoolVector2Array( -0.94591, -30.4103, 5.74019, -10.8198, 42.1412, -9.34103, 37.6183, -36.152 )

[sub_resource type="OccluderShapePolygon" id=14]
polygon_points = PoolVector2Array( -65.755, 6.24789, -38.7779, 18.3988, -16.5322, -0.213997, -30.2544, -31.5867 )

[sub_resource type="OccluderShapePolygon" id=15]
polygon_points = PoolVector2Array( -58.5793, 2.25238, -37.1189, 15.1946, -58.3154, 50.9894, -77.6792, 43.3567 )

[sub_resource type="OccluderShapePolygon" id=16]
polygon_points = PoolVector2Array( -82.4534, 56.419, -66.2175, 68.4896, -49.3387, 36.1825, -69.6984, 25.8608 )

[sub_resource type="OccluderShapePolygon" id=23]
polygon_points = PoolVector2Array( 10.7653, -5.60416, -21.2648, 34.8682, 17.8021, 35.1293, -12.3392, -5.53555 )

[sub_resource type="OccluderShapePolygon" id=22]
polygon_points = PoolVector2Array( 26.3687, -60.868, -21.2648, 34.8682, 17.8021, 35.1293, -26.2436, -61.0915 )

[node name="Level" type="Spatial"]
script = ExtResource( 1 )

[node name="Core" parent="." instance=ExtResource( 14 )]

[node name="Structure" parent="." instance=ExtResource( 15 )]

[node name="Props" parent="." instance=ExtResource( 2 )]

[node name="Lights" parent="." instance=ExtResource( 13 )]

[node name="WorldEnvironment" type="WorldEnvironment" parent="."]
environment = ExtResource( 16 )

[node name="GIProbe" type="GIProbe" parent="."]
transform = Transform( 1, 0, 0, 0, 1, 0, 0, 0, 1, -6.09263, 1.28266, 2.88598 )
subdiv = 2
extents = Vector3( 113.946, 48.8048, 117.028 )
energy = 4.0
propagation = 1.0
interior = true
data = ExtResource( 5 )

[node name="ReflectionProbes" type="Spatial" parent="."]
visible = false

[node name="ReflectionProbe1" type="ReflectionProbe" parent="ReflectionProbes"]
transform = Transform( 0.494055, 0, -0.869431, 0, 1, 0, 0.869431, 0, 0.494055, 28.1433, -18.8082, 71.0693 )
extents = Vector3( 37.3556, 50, 83.0437 )
box_projection = true
interior_enable = true
interior_ambient_color = Color( 0.2, 0.1595, 0.11, 1 )
interior_ambient_energy = 16.0
interior_ambient_contrib = 0.8

[node name="ReflectionProbe2" type="ReflectionProbe" parent="ReflectionProbes"]
transform = Transform( 0.999799, 0, -0.0200534, 0, 1, 0, 0.0200534, 0, 0.999799, 73.9972, 0, -12.2086 )
extents = Vector3( 35.8169, 50, 64.5769 )
box_projection = true
interior_enable = true
interior_ambient_color = Color( 0.2, 0.1595, 0.11, 1 )
interior_ambient_energy = 16.0
interior_ambient_contrib = 0.8

[node name="ReflectionProbe3" type="ReflectionProbe" parent="ReflectionProbes"]
transform = Transform( 0.999799, 0, -0.0200534, 0, 1, 0, 0.0200534, 0, 0.999799, -0.392717, -7.57649, 0.0575469 )
extents = Vector3( 38.9134, 50, 37.1232 )
box_projection = true
interior_enable = true
interior_ambient_color = Color( 0.2, 0.1595, 0.11, 1 )
interior_ambient_energy = 16.0
interior_ambient_contrib = 0.8

[node name="Player" parent="." instance=ExtResource( 6 )]
transform = Transform( -0.575826, 0, -0.817573, 0, 1, 0, 0.817573, 0, -0.575826, 64.8183, -1.0765, 78.7639 )

[node name="RedRobot1" parent="." instance=ExtResource( 7 )]
transform = Transform( 0.843905, 0, -0.536493, 0, 1, 0, 0.536493, 0, 0.843905, 71.5907, -6.05686, 46.2736 )

[node name="RedRobot2" parent="." instance=ExtResource( 7 )]
transform = Transform( 0.338334, 0, 0.941027, 0, 1, 0, -0.941027, 0, 0.338334, 53.2126, -6.05686, 15.9321 )

[node name="RedRobot3" parent="." instance=ExtResource( 7 )]
transform = Transform( -0.164432, 0, 0.986389, 0, 1, 0, -0.986389, 0, -0.164432, -2.96096, -11.6923, 20.2343 )

[node name="RedRobot4" parent="." instance=ExtResource( 7 )]
transform = Transform( -0.164432, 0, 0.986389, 0, 1, 0, -0.986389, 0, -0.164432, -9.15526, -11.6923, -16.9238 )

[node name="Music" type="AudioStreamPlayer" parent="."]
stream = ExtResource( 8 )
autoplay = true

[node name="SoundOutside" type="Area" parent="."]
collision_mask = 0
audio_bus_override = true
audio_bus_name = "Outside"

[node name="CollisionPolygon" type="CollisionPolygon" parent="SoundOutside"]
transform = Transform( 1, 0, 0, 0, -4.37114e-08, -1, 0, 1, -4.37114e-08, 0, 0, 0 )
depth = 100.0
polygon = PoolVector2Array( -75.798, 98.0935, -18.4854, 34.621, -6.1658, 39.1739, 6.95718, 39.4417, 23.0262, 32.7463, 36.9526, 17.7486, 31.5629, 13.7491, 33.7076, 6.64486, 40.9698, 3.55431, 36.417, -21.6204, 26.5078, -30.1905, 93.7297, -71.4343, 118.637, 0.608329, 70.4297, 120.322, -36.9647, 128.089 )

[node name="SoundReactorRoom" type="Area" parent="."]
collision_mask = 0
audio_bus_override = true
audio_bus_name = "Reactor"

[node name="CollisionShape" type="CollisionShape" parent="SoundReactorRoom"]
transform = Transform( 1, 0, 0, 0, -4.37114e-08, 1, 0, -1, -4.37114e-08, 0, 0, 0 )
shape = SubResource( 1 )

[node name="FlyingForklifts" type="Spatial" parent="."]

[node name="FlyingForklift1" parent="FlyingForklifts" instance=ExtResource( 12 )]
transform = Transform( 1, 0, 0, 0, 1, 0, 0, 0, 1, 67.8049, 2.27771, 0 )

[node name="FlyingForklift2" parent="FlyingForklifts" instance=ExtResource( 12 )]
transform = Transform( -1, 0, -1.50996e-07, 0, 1, 0, 1.50996e-07, 0, -1, -68.2496, 2.27771, 0 )

[node name="AnimationPlayer" type="AnimationPlayer" parent="FlyingForklifts"]
autoplay = "mawaru"
anims/mawaru = SubResource( 2 )

[node name="Debug" type="Label" parent="."]
visible = false
margin_left = 10.0
margin_top = 10.0
margin_right = 40.0
margin_bottom = 14.0
text = "FPS: 0
VSync:
Memory:"
script = ExtResource( 9 )
__meta__ = {
"_edit_use_anchors_": false
}

[node name="Occluders" type="Spatial" parent="."]

[node name="StartWall" type="Occluder" parent="Occluders"]
transform = Transform( 0.137929, 0, 0.990442, 0, 1, 0, -0.990442, 0, 0.137929, -6.13814, 0, 82.9737 )
shape = SubResource( 3 )

[node name="StartWall2" type="Occluder" parent="Occluders"]
transform = Transform( 0.137929, 0, 0.990442, 0, 1, 0, -0.990442, 0, 0.137929, -6.13814, 0, 82.9737 )
shape = SubResource( 5 )

[node name="CatwalkSide" type="Occluder" parent="Occluders"]
transform = Transform( -0.314992, 0.0944954, 0.944378, 0.0257674, 0.995516, -0.0910177, -0.948745, -0.00433563, -0.316014, 30.4378, 22.7756, 78.2315 )
shape = SubResource( 24 )

[node name="CatwalkSide2" type="Occluder" parent="Occluders"]
transform = Transform( -0.314444, -0.0875491, 0.94523, -0.0317649, 0.996151, 0.0816984, -0.948745, -0.00433563, -0.316014, 17.8758, 21.6611, 81.1039 )
shape = SubResource( 24 )

[node name="Catwalk" type="Occluder" parent="Occluders"]
transform = Transform( 0.9958, -0.0175599, 0.0898516, 0.0257674, 0.995516, -0.0910177, -0.0878505, 0.0929507, 0.991788, 30.694, 4.174, 94.217 )
shape = SubResource( 6 )

[node name="Catwalk2" type="Occluder" parent="Occluders"]
transform = Transform( 0.891993, 0.0182083, 0.451682, 0.0257674, 0.995516, -0.0910177, -0.451314, 0.0928258, 0.887524, 54.285, 4.474, 80.784 )
shape = SubResource( 7 )

[node name="Catwalk3" type="Occluder" parent="Occluders"]
transform = Transform( 0.684897, 0.0487412, 0.727008, 0.0257674, 0.995516, -0.0910177, -0.728185, 0.0810708, 0.680569, 74.377, 3.922, 62.131 )
shape = SubResource( 8 )

[node name="Catwalk4" type="Occluder" parent="Occluders"]
transform = Transform( 0.441835, 0.0703308, 0.894335, 0.0257674, 0.995516, -0.0910177, -0.896726, 0.0632595, 0.438041, 90.5234, 3.92189, 35.7929 )
shape = SubResource( 25 )

[node name="Catwalk5" type="Occluder" parent="Occluders"]
transform = Transform( 0.135573, 0.0867267, 0.986964, 0.0257674, 0.995516, -0.0910177, -0.990432, 0.0377711, 0.13273, 95.945, 3.922, 11.291 )
shape = SubResource( 10 )

[node name="CatwalkFloor" type="Occluder" parent="Occluders"]
transform = Transform( 0.234938, -0.972008, 0.00183225, 0, 0.00188501, 0.999998, -0.97201, -0.234938, 0.000442862, 68.108, -1.29, 38.413 )
shape = SubResource( 17 )

[node name="CatwalkFloor2" type="Occluder" parent="Occluders"]
transform = Transform( 0.234938, -0.972008, 0.00183225, 0, 0.00188501, 0.999998, -0.97201, -0.234938, 0.000442862, 68.108, -1.239, 38.413 )
shape = SubResource( 18 )

[node name="CatwalkFloor3" type="Occluder" parent="Occluders"]
transform = Transform( 0.234938, -0.972008, 0.00183225, 0, 0.00188501, 0.999998, -0.97201, -0.234938, 0.000442862, 68.108, -1.323, 38.413 )
shape = SubResource( 19 )

[node name="CatwalkFloor4" type="Occluder" parent="Occluders"]
transform = Transform( 0.234938, -0.972008, 0.00183225, 0, 0.00188501, 0.999998, -0.97201, -0.234938, 0.000442862, 68.108, -1.351, 38.413 )
shape = SubResource( 20 )

[node name="Pillar1" type="Occluder" parent="Occluders"]
transform = Transform( 0.997267, 0, 0.0738822, 0, 1, 0, -0.0738822, 0, 0.997267, -8.7376, 0, 78.6762 )
shape = SubResource( 4 )

[node name="Pillar2" type="Occluder" parent="Occluders"]
transform = Transform( 0.963798, 0, 0.266633, 0, 1, 0, -0.266633, 0, 0.963798, 6.495, 0, 77.9881 )
shape = SubResource( 4 )

[node name="Pillar3" type="Occluder" parent="Occluders"]
transform = Transform( 0.963798, 0, 0.266633, 0, 1, 0, -0.266633, 0, 0.963798, 21.1871, 0, 74.0353 )
shape = SubResource( 4 )

[node name="Pillar4" type="Occluder" parent="Occluders"]
transform = Transform( 0.75884, 0, 0.651278, 0, 1, 0, -0.651278, 0, 0.75884, 36.5499, -1.43051e-06, 70.1613 )
shape = SubResource( 4 )

[node name="Pillar5" type="Occluder" parent="Occluders"]
transform = Transform( 0.706428, 0, 0.707785, 0, 1, 0, -0.707785, 0, 0.706428, 48.5048, -1.43051e-06, 60.7618 )
shape = SubResource( 4 )

[node name="Pillar6" type="Occluder" parent="Occluders"]
transform = Transform( 0.52098, 0, 0.853569, 0, 1, 0, -0.853569, 0, 0.52098, 59.6665, -9.53674e-07, 50.3136 )
shape = SubResource( 4 )

[node name="Pillar7" type="Occluder" parent="Occluders"]
transform = Transform( 0.466896, 0, 0.884312, 0, 1, 0, -0.884312, 0, 0.466896, 68.1164, -9.53674e-07, 37.8245 )
shape = SubResource( 4 )

[node name="Pillar8" type="Occluder" parent="Occluders"]
transform = Transform( 0.466896, 0, 0.884312, 0, 1, 0, -0.884312, 0, 0.466896, 72.6177, -7.15256e-07, 23.0652 )
shape = SubResource( 4 )

[node name="RoadEndBox" type="Occluder" parent="Occluders"]
transform = Transform( 1, 0, 0, 0, 1, 0, 0, 0, 1, 83.3859, -2.80453, 10.5797 )
shape = SubResource( 11 )

[node name="Bridge" type="Occluder" parent="Occluders"]
transform = Transform( 1, 0, 0, 0, 0.00188501, 0.999998, 0, -0.999998, 0.00188501, 83.386, -6.495, 10.58 )
shape = SubResource( 12 )

[node name="RoadFloor" type="Occluder" parent="Occluders"]
transform = Transform( 0.234938, -0.972008, 0.00183225, 0, 0.00188501, 0.999998, -0.97201, -0.234938, 0.000442862, 61.616, -6.397, 38.413 )
shape = SubResource( 13 )

[node name="RoadFloorEnd" type="Occluder" parent="Occluders"]
transform = Transform( 0.234938, -0.972008, 0.00183225, 0, 0.00188501, 0.999998, -0.97201, -0.234938, 0.000442862, 61.616, -6.377, 38.413 )
shape = SubResource( 21 )

[node name="RoadFloor2" type="Occluder" parent="Occluders"]
transform = Transform( 0.234938, -0.972008, 0.00183225, 0, 0.00188501, 0.999998, -0.97201, -0.234938, 0.000442862, 61.616, -6.425, 38.413 )
shape = SubResource( 14 )

[node name="RoadFloor3" type="Occluder" parent="Occluders"]
transform = Transform( 0.234938, -0.972008, 0.00183225, 0, 0.00188501, 0.999998, -0.97201, -0.234938, 0.000442862, 61.616, -6.509, 38.413 )
shape = SubResource( 15 )

[node name="RoadFloor4" type="Occluder" parent="Occluders"]
transform = Transform( 0.234938, -0.972008, 0.00183225, 0, 0.00188501, 0.999998, -0.97201, -0.234938, 0.000442862, 61.616, -6.504, 38.413 )
shape = SubResource( 16 )

[node name="ReactorWallEntrance" type="Occluder" parent="Occluders"]
transform = Transform( 0.258819, 0, 0.965926, 0, 1, 0, -0.965926, 0, 0.258819, 39.3853, 4.5407, 10.5915 )
shape = SubResource( 23 )

[node name="ReactorWall2" type="Occluder" parent="Occluders"]
transform = Transform( 0.836075, 0, 0.548614, 0, 1, 0, -0.548614, 0, 0.836075, 24.1965, 4.5407, 31.3743 )
shape = SubResource( 22 )

[node name="ReactorWall3" type="Occluder" parent="Occluders"]
transform = Transform( 0.98069, 0, -0.19557, 0, 1, 0, 0.195569, 0, 0.980689, -7.74816, 4.5407, 37.1377 )
shape = SubResource( 22 )

[node name="ReactorWall4" type="Occluder" parent="Occluders"]
transform = Transform( 0.432935, 0, -0.901425, 0, 1, 0, 0.901425, 0, 0.432935, -36.7226, 4.5407, 16.0138 )
shape = SubResource( 22 )

[node name="ReactorWall5" type="Occluder" parent="Occluders"]
transform = Transform( -0.327647, 0, -0.9448, 0, 1, 0, 0.9448, 0, -0.327646, -37.9558, 4.54071, -18.2412 )
shape = SubResource( 22 )

[node name="ReactorWall6" type="Occluder" parent="Occluders"]
transform = Transform( -0.938463, 0, -0.34538, 0, 1, 0, 0.34538, 0, -0.938462, -15.4656, 4.54071, -44.5487 )
shape = SubResource( 22 )

[node name="ReactorWall7" type="Occluder" parent="Occluders"]
transform = Transform( -0.698815, 0, 0.715302, 0, 1, 0, -0.715302, 0, -0.698815, 20.3358, 4.54071, -38.957 )
shape = SubResource( 22 )

[node name="ReactorWall8" type="Occluder" parent="Occluders"]
transform = Transform( -0.267642, 0, 0.963518, 0, 1, 0, -0.963518, 0, -0.267642, 35.8579, 4.54071, -16.814 )
shape = SubResource( 22 )
