[gd_scene load_steps=12 format=2]

[ext_resource path="res://level/geometry/scenes/collision/radial_colliders.tscn" type="PackedScene" id=1]
[ext_resource path="res://level/geometry/scenes/collision/stair_pillar.tscn" type="PackedScene" id=2]
[ext_resource path="res://level/geometry/models/core.glb" type="PackedScene" id=3]
[ext_resource path="res://level/geometry/scenes/collision/radial_player_only.tscn" type="PackedScene" id=4]

[sub_resource type="CylinderShape" id=1]
radius = 10.5
height = 4.0

[sub_resource type="CylinderShape" id=2]
radius = 11.0
height = 3.6

[sub_resource type="CylinderShape" id=3]
radius = 4.5
height = 24.0

[sub_resource type="CylinderShape" id=4]
radius = 10.0
height = 11.0

[sub_resource type="CylinderShape" id=5]
radius = 35.0
height = 5.0

[sub_resource type="BoxShape" id=6]
extents = Vector3( 40, 6, 40 )

[sub_resource type="BoxShape" id=7]
extents = Vector3( 0.6, 0.6, 1.4 )

[node name="Core" type="Spatial"]

[node name="CoreModel" parent="." instance=ExtResource( 3 )]

[node name="CentralColliders" type="StaticBody" parent="."]

[node name="CentralCylinder1" type="CollisionShape" parent="CentralColliders"]
transform = Transform( 1, 0, 0, 0, 1, 0, 0, 0, 1, 0, -14.3, 0 )
shape = SubResource( 1 )

[node name="CentralCylinder2" type="CollisionShape" parent="CentralColliders"]
transform = Transform( 1, 0, 0, 0, 1, 0, 0, 0, 1, 0, -16, 0 )
shape = SubResource( 2 )

[node name="CentralCylinder3" type="CollisionShape" parent="CentralColliders"]
transform = Transform( 1, 0, 0, 0, 1, 0, 0, 0, 1, 0, -2, 0 )
shape = SubResource( 3 )

[node name="CentralCylinder4" type="CollisionShape" parent="CentralColliders"]
transform = Transform( 1, 0, 0, 0, 1, 0, 0, 0, 1, 0, 12, 0 )
shape = SubResource( 4 )

[node name="LowerFloorCylinder" type="CollisionShape" parent="CentralColliders"]
transform = Transform( 1, 0, 0, 0, 1, 0, 0, 0, 1, 0, -18.9, 0 )
shape = SubResource( 5 )

[node name="Ceiling" type="CollisionShape" parent="CentralColliders"]
transform = Transform( 1, 0, 0, 0, 1, 0, 0, 0, 1, 0, 20, 0 )
shape = SubResource( 6 )

[node name="ExtendedCyl1" type="CollisionShape" parent="CentralColliders"]
transform = Transform( 0.97437, 0, 0.224951, 0, 1, 0, -0.224951, 0, 0.97437, -4.04912, -8.1, -17.5387 )
shape = SubResource( 7 )

[node name="ExtendedCyl2" type="CollisionShape" parent="CentralColliders"]
transform = Transform( -0.681998, 0, 0.731354, 0, 1, 0, -0.731354, 0, -0.681998, -13.1644, -8.1, 12.276 )
shape = SubResource( 7 )

[node name="RadialColliders1" parent="." instance=ExtResource( 1 )]

[node name="RadialColliders2" parent="." instance=ExtResource( 1 )]
transform = Transform( -0.224951, 0, 0.97437, 0, 1, 0, -0.97437, 0, -0.224951, 0, 0, 0 )

[node name="RadialColliders3" parent="." instance=ExtResource( 1 )]
transform = Transform( -0.731354, 0, -0.681999, 0, 1, 0, 0.681999, 0, -0.731354, 0, 0, 0 )

[node name="RadialPlayerOnly1" parent="." instance=ExtResource( 4 )]

[node name="RadialPlayerOnly2" parent="." instance=ExtResource( 4 )]
transform = Transform( -0.224951, 0, 0.97437, 0, 1, 0, -0.97437, 0, -0.224951, 0, 0, 0 )

[node name="RadialPlayerOnly3" parent="." instance=ExtResource( 4 )]
transform = Transform( -0.731354, 0, -0.681999, 0, 1, 0, 0.681999, 0, -0.731354, 0, 0, 0 )

[node name="StairPillar1" parent="." instance=ExtResource( 2 )]
transform = Transform( 0.731354, 0, 0.681998, 0, 1, 0, -0.681998, 0, 0.731354, 18.2838, 2, -17.05 )

[node name="StairPillar2" parent="." instance=ExtResource( 2 )]
transform = Transform( -0.956305, 0, 0.292371, 0, 1, 0, -0.292371, 0, -0.956305, -23.9076, 2, -7.30928 )

[node name="StairPillar3" parent="." instance=ExtResource( 2 )]
transform = Transform( 0.224951, 0, -0.97437, 0, 1, 0, 0.97437, 0, 0.224951, 5.62378, 2, 24.3593 )
