[gd_scene load_steps=35 format=3 uid="uid://bh1lh032pmey2"]

[ext_resource type="PackedScene" uid="uid://babdc0gjbduw" path="res://level/geometry/scenes/collision/stair_pillar.tscn" id="1"]
[ext_resource type="PackedScene" uid="uid://8fujwb58dav7" path="res://level/geometry/models/structure.glb" id="2"]
[ext_resource type="ArrayOccluder3D" uid="uid://d20dpr3pj0fn6" path="res://level/geometry/scenes/occluder.occ" id="3_2aako"]

[sub_resource type="BoxShape3D" id="1"]
size = Vector3(12, 18, 20)

[sub_resource type="BoxShape3D" id="2"]
size = Vector3(8, 40, 9)

[sub_resource type="BoxShape3D" id="3"]
size = Vector3(10, 40, 7)

[sub_resource type="BoxShape3D" id="4"]
size = Vector3(12, 32, 16)

[sub_resource type="BoxShape3D" id="5"]
size = Vector3(2, 36, 2.8)

[sub_resource type="BoxShape3D" id="6"]
size = Vector3(7, 2, 3)

[sub_resource type="BoxShape3D" id="7"]
size = Vector3(25, 4, 3)

[sub_resource type="BoxShape3D" id="8"]
size = Vector3(3.5, 8, 1.6)

[sub_resource type="BoxShape3D" id="9"]
size = Vector3(16, 6.4, 20)

[sub_resource type="BoxShape3D" id="10"]
size = Vector3(2.6, 0.6, 14)

[sub_resource type="BoxShape3D" id="11"]
size = Vector3(60, 60, 40)

[sub_resource type="BoxShape3D" id="12"]
size = Vector3(28, 30, 10)

[sub_resource type="BoxShape3D" id="13"]
size = Vector3(10, 10, 10)

[sub_resource type="BoxShape3D" id="14"]
size = Vector3(1, 0.2, 2)

[sub_resource type="BoxShape3D" id="15"]
size = Vector3(200, 12, 200)

[sub_resource type="BoxShape3D" id="16"]
size = Vector3(8.4, 1.4, 0.6)

[sub_resource type="BoxShape3D" id="17"]
size = Vector3(5.6, 1.8, 0.5)

[sub_resource type="BoxShape3D" id="18"]
size = Vector3(7, 1.4, 0.6)

[sub_resource type="BoxShape3D" id="19"]
size = Vector3(4.4, 1.6, 0.6)

[sub_resource type="BoxShape3D" id="20"]
size = Vector3(2.4, 1.6, 0.6)

[sub_resource type="BoxShape3D" id="21"]
size = Vector3(5.2, 1.4, 0.8)

[sub_resource type="BoxShape3D" id="22"]
size = Vector3(2.5, 3, 1.6)

[sub_resource type="BoxShape3D" id="23"]
size = Vector3(39, 1.4, 0.4)

[sub_resource type="BoxShape3D" id="24"]
size = Vector3(22, 5, 3)

[sub_resource type="BoxShape3D" id="25"]
size = Vector3(46, 1, 7.6)

[sub_resource type="BoxShape3D" id="26"]
size = Vector3(12, 4, 13)

[sub_resource type="BoxShape3D" id="27"]
size = Vector3(6, 1.5, 2.8)

[sub_resource type="BoxShape3D" id="28"]
size = Vector3(20, 3, 2.8)

[sub_resource type="BoxShape3D" id="29"]
size = Vector3(6, 1.5, 1.5)

[sub_resource type="BoxShape3D" id="30"]
size = Vector3(6, 0.5, 0.5)

[sub_resource type="BoxShape3D" id="31"]
size = Vector3(1.5, 3, 7.4)

[node name="Structure" type="Node3D"]

[node name="StructureModel" parent="." instance=ExtResource("2")]

[node name="StairPillar4" parent="." instance=ExtResource("1")]
transform = Transform3D(-1.09128, 0, -0.588822, 0, 1.24, 0, 0.588822, 0, -1.09128, 48.9491, 2.48, -26.4115)

[node name="ThreeBox" type="CollisionShape3D" parent="StairPillar4"]
transform = Transform3D(1, 0, 0, 0, 1, 0, 0, 0, 1, 4, 12, 0)
shape = SubResource("1")

[node name="StairPillar5" parent="." instance=ExtResource("1")]
transform = Transform3D(0.35529, 0, 1.18801, 0, 1.24, 0, -1.18801, 0, 0.35529, 15.9365, 2.48, -53.288)

[node name="ThreeBox" type="CollisionShape3D" parent="StairPillar5"]
transform = Transform3D(1, 0, 0, 0, 1, 0, 0, 0, 1, -4, 12, 0)
shape = SubResource("1")

[node name="StairPillar6" parent="." instance=ExtResource("1")]
transform = Transform3D(0.35529, 0, 1.18801, 0, 1.24, 0, -1.18801, 0, 0.35529, -15.9365, 2.48, 53.288)

[node name="ThreeBox" type="CollisionShape3D" parent="StairPillar6"]
transform = Transform3D(1, 0, 0, 0, 1, 0, 0, 0, 1, 4, 12, 0)
shape = SubResource("1")

[node name="StairPillar7" parent="." instance=ExtResource("1")]
transform = Transform3D(-0.588822, 0, 1.09128, 0, 1.24, 0, -1.09128, 0, -0.588822, 26.4115, 2.48, 48.9491)

[node name="ThreeBox" type="CollisionShape3D" parent="StairPillar7"]
transform = Transform3D(1, 0, 0, 0, 1, 0, 0, 0, 1, 4, 12, 0)
shape = SubResource("1")

[node name="Pillars" type="StaticBody3D" parent="."]

[node name="PillarTop1" type="CollisionShape3D" parent="Pillars"]
transform = Transform3D(0.995396, 0.0958458, -1.56152e-08, 0, -1.62921e-07, -1, -0.0958458, 0.995396, -1.62171e-07, 7.85935, 26, 81.6225)
shape = SubResource("2")

[node name="PillarUpper1" type="CollisionShape3D" parent="Pillars"]
transform = Transform3D(0.995396, 0.0405062, 0.0868657, 0, 0.906308, -0.422618, -0.0958458, 0.420673, 0.902135, 5.36736, 17, 55.7422)
shape = SubResource("2")

[node name="PillarLower1" type="CollisionShape3D" parent="Pillars"]
transform = Transform3D(0.995396, -0.0199274, 0.0937512, 0, 0.978148, 0.207912, -0.0958457, -0.206954, 0.973644, 4.86896, -10, 50.5661)
shape = SubResource("3")

[node name="PillarBase1" type="CollisionShape3D" parent="Pillars"]
transform = Transform3D(0.995396, 0, 0.0958457, 0, 1, 0, -0.0958457, 0, 0.995396, 4.79229, -25, 49.7698)
shape = SubResource("4")

[node name="PillarTop2" type="CollisionShape3D" parent="Pillars"]
transform = Transform3D(0.636078, 0.771624, -1.25714e-07, 0, -1.62921e-07, -1, -0.771624, 0.636078, -1.0363e-07, 63.2732, 26, 52.1584)
shape = SubResource("2")

[node name="PillarUpper2" type="CollisionShape3D" parent="Pillars"]
transform = Transform3D(0.636078, 0.326103, 0.699329, 0, 0.906308, -0.422618, -0.771624, 0.268818, 0.576482, 43.211, 17, 35.6204)
shape = SubResource("2")

[node name="PillarLower2" type="CollisionShape3D" parent="Pillars"]
transform = Transform3D(0.636078, -0.16043, 0.754762, 0, 0.978148, 0.207912, -0.771624, -0.132248, 0.622178, 39.1985, -10, 32.3128)
shape = SubResource("3")

[node name="PillarBase2" type="CollisionShape3D" parent="Pillars"]
transform = Transform3D(0.636078, 0, 0.771624, 0, 1, 0, -0.771624, 0, 0.636078, 38.5812, -25, 31.8039)
shape = SubResource("4")

[node name="PillarTop3" type="CollisionShape3D" parent="Pillars"]
transform = Transform3D(-0.0958458, 0.995396, -1.62171e-07, 0, -1.62921e-07, -1, -0.995396, -0.0958458, 1.56153e-08, 81.6225, 26, -7.85936)
shape = SubResource("2")

[node name="PillarUpper3" type="CollisionShape3D" parent="Pillars"]
transform = Transform3D(-0.0958459, 0.420673, 0.902135, 0, 0.906308, -0.422618, -0.995396, -0.0405062, -0.0868658, 55.7422, 17, -5.36736)
shape = SubResource("2")

[node name="PillarLower3" type="CollisionShape3D" parent="Pillars"]
transform = Transform3D(-0.0958458, -0.206954, 0.973644, 0, 0.978148, 0.207912, -0.995396, 0.0199275, -0.0937513, 50.5661, -10, -4.86897)
shape = SubResource("3")

[node name="PillarBase3" type="CollisionShape3D" parent="Pillars"]
transform = Transform3D(-0.0958458, 0, 0.995396, 0, 1, 0, -0.995396, 0, -0.0958458, 49.7698, -25, -4.79229)
shape = SubResource("4")

[node name="PillarTop4" type="CollisionShape3D" parent="Pillars"]
transform = Transform3D(-0.772733, 0.63473, -1.03411e-07, 0, -1.62921e-07, -1, -0.63473, -0.772733, 1.25894e-07, 52.0479, 26, -63.3641)
shape = SubResource("2")

[node name="PillarUpper4" type="CollisionShape3D" parent="Pillars"]
transform = Transform3D(-0.772733, 0.268249, 0.575261, 0, 0.906308, -0.422618, -0.63473, -0.326571, -0.700334, 35.5449, 17, -43.2731)
shape = SubResource("2")

[node name="PillarLower4" type="CollisionShape3D" parent="Pillars"]
transform = Transform3D(-0.772733, -0.131968, 0.62086, 0, 0.978148, 0.207912, -0.63473, 0.16066, -0.755847, 32.2443, -10, -39.2548)
shape = SubResource("3")

[node name="PillarBase4" type="CollisionShape3D" parent="Pillars"]
transform = Transform3D(-0.772733, 0, 0.63473, 0, 1, 0, -0.63473, 0, -0.772733, 31.7365, -25, -38.6367)
shape = SubResource("4")

[node name="PillarTop5" type="CollisionShape3D" parent="Pillars"]
transform = Transform3D(-0.995055, -0.0993194, 1.61812e-08, 0, -1.62921e-07, -1, 0.0993194, -0.995055, 1.62115e-07, -8.14419, 26, -81.5945)
shape = SubResource("2")

[node name="PillarUpper5" type="CollisionShape3D" parent="Pillars"]
transform = Transform3D(-0.995055, -0.0419742, -0.0900139, 0, 0.906308, -0.422618, 0.0993194, -0.420529, -0.901826, -5.56188, 17, -55.7231)
shape = SubResource("2")

[node name="PillarLower5" type="CollisionShape3D" parent="Pillars"]
transform = Transform3D(-0.995055, 0.0206497, -0.097149, 0, 0.978148, 0.207912, 0.0993193, 0.206884, -0.973311, -5.04542, -10, -50.5488)
shape = SubResource("3")

[node name="PillarBase5" type="CollisionShape3D" parent="Pillars"]
transform = Transform3D(-0.995055, 0, -0.0993193, 0, 1, 0, 0.0993193, 0, -0.995055, -4.96597, -25, -49.7528)
shape = SubResource("4")

[node name="PillarTop6" type="CollisionShape3D" parent="Pillars"]
transform = Transform3D(-0.882947, -0.469471, 7.64866e-08, 0, -1.62921e-07, -1, 0.469471, -0.882947, 1.4385e-07, -38.4967, 26, -72.4017)
shape = SubResource("2")

[node name="PillarUpper6" type="CollisionShape3D" parent="Pillars"]
transform = Transform3D(-0.882947, -0.198407, -0.425486, 0, 0.906308, -0.422618, 0.469471, -0.37315, -0.800222, -26.2904, 17, -49.445)
shape = SubResource("2")

[node name="PillarLower6" type="CollisionShape3D" parent="Pillars"]
transform = Transform3D(-0.882947, 0.0976086, -0.459212, 0, 0.978148, 0.207912, 0.469471, 0.183575, -0.863653, -23.8491, -10, -44.8537)
shape = SubResource("3")

[node name="PillarBase6" type="CollisionShape3D" parent="Pillars"]
transform = Transform3D(-0.882947, 0, -0.469471, 0, 1, 0, 0.469471, 0, -0.882947, -23.4736, -25, -44.1474)
shape = SubResource("4")

[node name="PillarTop7" type="CollisionShape3D" parent="Pillars"]
transform = Transform3D(-0.63473, -0.772733, 1.25894e-07, 0, -1.62921e-07, -1, 0.772733, -0.63473, 1.03411e-07, -63.3641, 26, -52.0479)
shape = SubResource("2")

[node name="PillarUpper7" type="CollisionShape3D" parent="Pillars"]
transform = Transform3D(-0.63473, -0.326571, -0.700334, 0, 0.906308, -0.422618, 0.772733, -0.268249, -0.575261, -43.2731, 17, -35.5449)
shape = SubResource("2")

[node name="PillarLower7" type="CollisionShape3D" parent="Pillars"]
transform = Transform3D(-0.63473, 0.16066, -0.755847, 0, 0.978148, 0.207912, 0.772733, 0.131968, -0.62086, -39.2548, -10, -32.2443)
shape = SubResource("3")

[node name="PillarBase7" type="CollisionShape3D" parent="Pillars"]
transform = Transform3D(-0.63473, 0, -0.772733, 0, 1, 0, 0.772733, 0, -0.63473, -38.6367, -25, -31.7365)
shape = SubResource("4")

[node name="PillarTop8" type="CollisionShape3D" parent="Pillars"]
transform = Transform3D(-0.290702, -0.956813, 1.55885e-07, 0, -1.62921e-07, -1, 0.956813, -0.290702, 4.73614e-08, -78.4587, 26, -23.8376)
shape = SubResource("2")

[node name="PillarUpper8" type="CollisionShape3D" parent="Pillars"]
transform = Transform3D(-0.290702, -0.404367, -0.867167, 0, 0.906308, -0.422618, 0.956813, -0.122856, -0.263466, -53.5815, 17, -16.2793)
shape = SubResource("2")

[node name="PillarLower8" type="CollisionShape3D" parent="Pillars"]
transform = Transform3D(-0.290702, 0.198933, -0.935904, 0, 0.978148, 0.207912, 0.956813, 0.0604404, -0.28435, -48.6061, -10, -14.7677)
shape = SubResource("3")

[node name="PillarBase8" type="CollisionShape3D" parent="Pillars"]
transform = Transform3D(-0.290702, 0, -0.956813, 0, 1, 0, 0.956813, 0, -0.290702, -47.8407, -25, -14.5351)
shape = SubResource("4")

[node name="PillarTop9" type="CollisionShape3D" parent="Pillars"]
transform = Transform3D(0.0958456, -0.995396, 1.62171e-07, 0, -1.62921e-07, -1, 0.995396, 0.0958456, -1.56152e-08, -81.6225, 26, 7.85934)
shape = SubResource("2")

[node name="PillarUpper9" type="CollisionShape3D" parent="Pillars"]
transform = Transform3D(0.0958457, -0.420673, -0.902135, 0, 0.906308, -0.422618, 0.995396, 0.0405061, 0.0868656, -55.7422, 17, 5.36735)
shape = SubResource("2")

[node name="PillarLower9" type="CollisionShape3D" parent="Pillars"]
transform = Transform3D(0.0958456, 0.206954, -0.973644, 0, 0.978148, 0.207912, 0.995396, -0.0199274, 0.0937511, -50.5661, -10, 4.86896)
shape = SubResource("3")

[node name="PillarBase9" type="CollisionShape3D" parent="Pillars"]
transform = Transform3D(0.0958456, 0, -0.995396, 0, 1, 0, 0.995396, 0, 0.0958456, -49.7698, -25, 4.79228)
shape = SubResource("4")

[node name="PillarTop10" type="CollisionShape3D" parent="Pillars"]
transform = Transform3D(0.469471, -0.882947, 1.4385e-07, 0, -1.62921e-07, -1, 0.882947, 0.469471, -7.64866e-08, -72.4017, 26, 38.4966)
shape = SubResource("2")

[node name="PillarUpper10" type="CollisionShape3D" parent="Pillars"]
transform = Transform3D(0.469471, -0.37315, -0.800222, 0, 0.906308, -0.422618, 0.882947, 0.198407, 0.425485, -49.445, 17, 26.2904)
shape = SubResource("2")

[node name="PillarLower10" type="CollisionShape3D" parent="Pillars"]
transform = Transform3D(0.469471, 0.183575, -0.863653, 0, 0.978148, 0.207912, 0.882947, -0.0976086, 0.459212, -44.8537, -10, 23.8491)
shape = SubResource("3")

[node name="PillarBase10" type="CollisionShape3D" parent="Pillars"]
transform = Transform3D(0.469471, 0, -0.882947, 0, 1, 0, 0.882947, 0, 0.469471, -44.1474, -25, 23.4736)
shape = SubResource("4")

[node name="PillarTop11" type="CollisionShape3D" parent="Pillars"]
transform = Transform3D(0.772733, -0.63473, 1.03411e-07, 0, -1.62921e-07, -1, 0.63473, 0.772733, -1.25894e-07, -52.0479, 26, 63.3641)
shape = SubResource("2")

[node name="PillarUpper11" type="CollisionShape3D" parent="Pillars"]
transform = Transform3D(0.772733, -0.268249, -0.575261, 0, 0.906308, -0.422618, 0.63473, 0.326571, 0.700334, -35.5449, 17, 43.2731)
shape = SubResource("2")

[node name="PillarLower11" type="CollisionShape3D" parent="Pillars"]
transform = Transform3D(0.772733, 0.131968, -0.62086, 0, 0.978148, 0.207912, 0.63473, -0.16066, 0.755847, -32.2443, -10, 39.2548)
shape = SubResource("3")

[node name="PillarBase11" type="CollisionShape3D" parent="Pillars"]
transform = Transform3D(0.772733, 0, -0.63473, 0, 1, 0, 0.63473, 0, 0.772733, -31.7365, -25, 38.6367)
shape = SubResource("4")

[node name="OuterPillarA1" type="CollisionShape3D" parent="Pillars"]
transform = Transform3D(1, 0, 0, 0, 1, 0, 0, 0, 1, 77.6, -15, 0)
shape = SubResource("5")

[node name="OuterPillarB1" type="CollisionShape3D" parent="Pillars"]
transform = Transform3D(0.707107, -0.707107, 0, 0.707107, 0.707107, 0, 0, 0, 1, 80.35, 4.5, 0)
shape = SubResource("6")

[node name="OuterPillarC1" type="CollisionShape3D" parent="Pillars"]
transform = Transform3D(1, 0, 0, 0, 1, 0, 0, 0, 1, 93.6, 5.5, 0)
shape = SubResource("7")

[node name="OuterPillarD1" type="CollisionShape3D" parent="Pillars"]
transform = Transform3D(0.642788, 0.766044, 0, -0.766044, 0.642788, 0, 0, 0, 0.5, 92.1, 1, 0)
shape = SubResource("6")

[node name="OuterPillarE1" type="CollisionShape3D" parent="Pillars"]
transform = Transform3D(1, 0, 0, 0, 1, 0, 0, 0, 1, 95.35, -3.5, 0)
shape = SubResource("8")

[node name="OuterPillarF1" type="CollisionShape3D" parent="Pillars"]
transform = Transform3D(1, 0, 0, 0, 1, 0, 0, 0, 1, 98.35, 8.7, 0)
shape = SubResource("9")

[node name="OuterPillarG1" type="CollisionShape3D" parent="Pillars"]
transform = Transform3D(-2.44381e-07, 0, 1, 0, 1, 0, -1.5, 0, -1.62921e-07, 103.6, 2, 0)
shape = SubResource("8")

[node name="OuterPillarH1" type="CollisionShape3D" parent="Pillars"]
transform = Transform3D(0.703703, -0.703703, 0.0980176, 0.707108, 0.707108, 0, -0.0693089, 0.0693089, 0.995185, 81.2071, 5.9, -7.9982)
shape = SubResource("10")

[node name="OuterPillarA2" type="CollisionShape3D" parent="Pillars"]
transform = Transform3D(0.980785, 0, 0.19509, 0, 1, 0, -0.19509, 0, 0.980785, 76.1089, -15, -15.139)
shape = SubResource("5")

[node name="OuterPillarB2" type="CollisionShape3D" parent="Pillars"]
transform = Transform3D(0.69352, -0.69352, 0.19509, 0.707107, 0.707107, 0, -0.13795, 0.13795, 0.980785, 78.8061, 4.5, -15.6755)
shape = SubResource("6")

[node name="OuterPillarC2" type="CollisionShape3D" parent="Pillars"]
transform = Transform3D(0.980785, 0, 0.19509, 0, 1, 0, -0.19509, 0, 0.980785, 91.8015, 5.5, -18.2604)
shape = SubResource("7")

[node name="OuterPillarD2" type="CollisionShape3D" parent="Pillars"]
transform = Transform3D(0.630437, 0.751325, 0.097545, -0.766044, 0.642788, 0, -0.125402, -0.149448, 0.490393, 90.3303, 1, -17.9678)
shape = SubResource("6")

[node name="OuterPillarE2" type="CollisionShape3D" parent="Pillars"]
transform = Transform3D(0.980785, 0, 0.19509, 0, 1, 0, -0.19509, 0, 0.980785, 93.5178, -3.5, -18.6018)
shape = SubResource("8")

[node name="OuterPillarF2" type="CollisionShape3D" parent="Pillars"]
transform = Transform3D(0.980785, 0, 0.19509, 0, 1, 0, -0.19509, 0, 0.980785, 96.4602, 8.7, -19.1871)
shape = SubResource("9")

[node name="OuterPillarG2" type="CollisionShape3D" parent="Pillars"]
transform = Transform3D(-0.292635, 0, 0.980785, 0, 1, 0, -1.47118, 0, -0.19509, 101.609, 2, -20.2113)
shape = SubResource("8")

[node name="OuterPillarH2" type="CollisionShape3D" parent="Pillars"]
transform = Transform3D(0.67666, -0.67666, 0.290285, 0.707108, 0.707108, 0, -0.205263, 0.205263, 0.956941, 78.0864, 5.9, -23.6872)
shape = SubResource("10")

[node name="OuterPillarA3" type="CollisionShape3D" parent="Pillars"]
transform = Transform3D(0.923879, 0, 0.382683, 0, 1, 0, -0.382683, 0, 0.923879, 71.6931, -15, -29.6962)
shape = SubResource("5")

[node name="OuterPillarB3" type="CollisionShape3D" parent="Pillars"]
transform = Transform3D(0.653282, -0.653282, 0.382683, 0.707107, 0.707107, 0, -0.270598, 0.270598, 0.92388, 74.2338, 4.5, -30.7486)
shape = SubResource("6")

[node name="OuterPillarC3" type="CollisionShape3D" parent="Pillars"]
transform = Transform3D(0.92388, 0, 0.382683, 0, 1, 0, -0.382683, 0, 0.92388, 86.4752, 5.5, -35.8191)
shape = SubResource("7")

[node name="OuterPillarD3" type="CollisionShape3D" parent="Pillars"]
transform = Transform3D(0.593859, 0.707732, 0.191342, -0.766044, 0.642788, 0, -0.245984, -0.293152, 0.46194, 85.0894, 1, -35.2451)
shape = SubResource("6")

[node name="OuterPillarE3" type="CollisionShape3D" parent="Pillars"]
transform = Transform3D(0.92388, 0, 0.382683, 0, 1, 0, -0.382683, 0, 0.92388, 88.092, -3.5, -36.4888)
shape = SubResource("8")

[node name="OuterPillarF3" type="CollisionShape3D" parent="Pillars"]
transform = Transform3D(0.92388, 0, 0.382683, 0, 1, 0, -0.382683, 0, 0.92388, 90.8636, 8.7, -37.6369)
shape = SubResource("9")

[node name="OuterPillarG3" type="CollisionShape3D" parent="Pillars"]
transform = Transform3D(-0.574025, 0, 0.92388, 0, 1, 0, -1.38582, 0, -0.382683, 95.714, 2, -39.646)
shape = SubResource("8")

[node name="OuterPillarH3" type="CollisionShape3D" parent="Pillars"]
transform = Transform3D(0.623613, -0.623613, 0.471397, 0.707108, 0.707108, 0, -0.333328, 0.333328, 0.881922, 71.9648, 5.9, -38.466)
shape = SubResource("10")

[node name="OuterPillarA4" type="CollisionShape3D" parent="Pillars"]
transform = Transform3D(0.83147, 0, 0.55557, 0, 1, 0, -0.55557, 0, 0.83147, 64.522, -15, -43.1123)
shape = SubResource("5")

[node name="OuterPillarB4" type="CollisionShape3D" parent="Pillars"]
transform = Transform3D(0.587938, -0.587938, 0.55557, 0.707107, 0.707107, 0, -0.392847, 0.392847, 0.83147, 66.8085, 4.5, -44.6401)
shape = SubResource("6")

[node name="OuterPillarC4" type="CollisionShape3D" parent="Pillars"]
transform = Transform3D(0.83147, 0, 0.55557, 0, 1, 0, -0.55557, 0, 0.83147, 77.8255, 5.5, -52.0014)
shape = SubResource("7")

[node name="OuterPillarD4" type="CollisionShape3D" parent="Pillars"]
transform = Transform3D(0.534459, 0.636943, 0.277785, -0.766044, 0.642788, 0, -0.357114, -0.425591, 0.415735, 76.5783, 1, -51.1681)
shape = SubResource("6")

[node name="OuterPillarE4" type="CollisionShape3D" parent="Pillars"]
transform = Transform3D(0.83147, 0, 0.55557, 0, 1, 0, -0.55557, 0, 0.83147, 79.2806, -3.5, -52.9737)
shape = SubResource("8")

[node name="OuterPillarF4" type="CollisionShape3D" parent="Pillars"]
transform = Transform3D(0.83147, 0, 0.55557, 0, 1, 0, -0.55557, 0, 0.83147, 81.775, 8.7, -54.6404)
shape = SubResource("9")

[node name="OuterPillarG4" type="CollisionShape3D" parent="Pillars"]
transform = Transform3D(-0.833355, 0, 0.83147, 0, 1, 0, -1.2472, 0, -0.55557, 86.1402, 2, -57.5571)
shape = SubResource("8")

[node name="OuterPillarH4" type="CollisionShape3D" parent="Pillars"]
transform = Transform3D(0.546601, -0.546601, 0.634394, 0.707108, 0.707108, 0, -0.448584, 0.448584, 0.773011, 63.0777, 5.9, -51.7665)
shape = SubResource("10")

[node name="OuterPillarA5" type="CollisionShape3D" parent="Pillars"]
transform = Transform3D(0.707107, 0, 0.707107, 0, 1, 0, -0.707107, 0, 0.707107, 54.8715, -15, -54.8715)
shape = SubResource("5")

[node name="OuterPillarB5" type="CollisionShape3D" parent="Pillars"]
transform = Transform3D(0.5, -0.5, 0.707107, 0.707107, 0.707107, 0, -0.5, 0.5, 0.707107, 56.816, 4.5, -56.816)
shape = SubResource("6")

[node name="OuterPillarC5" type="CollisionShape3D" parent="Pillars"]
transform = Transform3D(0.707107, 0, 0.707107, 0, 1, 0, -0.707107, 0, 0.707107, 66.1852, 5.5, -66.1852)
shape = SubResource("7")

[node name="OuterPillarD5" type="CollisionShape3D" parent="Pillars"]
transform = Transform3D(0.45452, 0.541675, 0.353553, -0.766044, 0.642788, 0, -0.45452, -0.541675, 0.353553, 65.1245, 1, -65.1245)
shape = SubResource("6")

[node name="OuterPillarE5" type="CollisionShape3D" parent="Pillars"]
transform = Transform3D(0.707107, 0, 0.707107, 0, 1, 0, -0.707107, 0, 0.707107, 67.4226, -3.5, -67.4226)
shape = SubResource("8")

[node name="OuterPillarF5" type="CollisionShape3D" parent="Pillars"]
transform = Transform3D(0.707107, 0, 0.707107, 0, 1, 0, -0.707107, 0, 0.707107, 69.544, 8.7, -69.544)
shape = SubResource("9")

[node name="OuterPillarG5" type="CollisionShape3D" parent="Pillars"]
transform = Transform3D(-1.06066, 0, 0.707107, 0, 1, 0, -1.06066, 0, -0.707107, 73.2563, 2, -73.2563)
shape = SubResource("8")

[node name="OuterPillarH5" type="CollisionShape3D" parent="Pillars"]
transform = Transform3D(0.448584, -0.448584, 0.773011, 0.707108, 0.707108, 0, -0.546602, 0.546602, 0.634393, 51.7665, 5.9, -63.0777)
shape = SubResource("10")

[node name="OuterPillarA6" type="CollisionShape3D" parent="Pillars"]
transform = Transform3D(0.55557, 0, 0.83147, 0, 1, 0, -0.83147, 0, 0.55557, 43.1122, -15, -64.522)
shape = SubResource("5")

[node name="OuterPillarB6" type="CollisionShape3D" parent="Pillars"]
transform = Transform3D(0.392847, -0.392847, 0.83147, 0.707107, 0.707107, 0, -0.587938, 0.587938, 0.55557, 44.64, 4.5, -66.8085)
shape = SubResource("6")

[node name="OuterPillarC6" type="CollisionShape3D" parent="Pillars"]
transform = Transform3D(0.55557, 0, 0.83147, 0, 1, 0, -0.83147, 0, 0.55557, 52.0013, 5.5, -77.8255)
shape = SubResource("7")

[node name="OuterPillarD6" type="CollisionShape3D" parent="Pillars"]
transform = Transform3D(0.357114, 0.425591, 0.415735, -0.766044, 0.642788, 0, -0.534459, -0.636943, 0.277785, 51.168, 1, -76.5783)
shape = SubResource("6")

[node name="OuterPillarE6" type="CollisionShape3D" parent="Pillars"]
transform = Transform3D(0.55557, 0, 0.83147, 0, 1, 0, -0.83147, 0, 0.55557, 52.9736, -3.5, -79.2806)
shape = SubResource("8")

[node name="OuterPillarF6" type="CollisionShape3D" parent="Pillars"]
transform = Transform3D(0.55557, 0, 0.83147, 0, 1, 0, -0.83147, 0, 0.55557, 54.6403, 8.7, -81.775)
shape = SubResource("9")

[node name="OuterPillarG6" type="CollisionShape3D" parent="Pillars"]
transform = Transform3D(-1.24721, 0, 0.55557, 0, 1, 0, -0.833355, 0, -0.83147, 57.557, 2, -86.1402)
shape = SubResource("8")

[node name="OuterPillarH6" type="CollisionShape3D" parent="Pillars"]
transform = Transform3D(0.333328, -0.333328, 0.881922, 0.707108, 0.707108, 0, -0.623613, 0.623613, 0.471397, 38.466, 5.9, -71.9648)
shape = SubResource("10")

[node name="OuterPillarA7" type="CollisionShape3D" parent="Pillars"]
transform = Transform3D(0.382683, 0, 0.923879, 0, 1, 0, -0.923879, 0, 0.382683, 29.6962, -15, -71.6931)
shape = SubResource("5")

[node name="OuterPillarB7" type="CollisionShape3D" parent="Pillars"]
transform = Transform3D(0.270598, -0.270598, 0.92388, 0.707107, 0.707107, 0, -0.653282, 0.653282, 0.382683, 30.7486, 4.5, -74.2338)
shape = SubResource("6")

[node name="OuterPillarC7" type="CollisionShape3D" parent="Pillars"]
transform = Transform3D(0.382683, 0, 0.92388, 0, 1, 0, -0.92388, 0, 0.382683, 35.8191, 5.5, -86.4752)
shape = SubResource("7")

[node name="OuterPillarD7" type="CollisionShape3D" parent="Pillars"]
transform = Transform3D(0.245984, 0.293152, 0.46194, -0.766044, 0.642788, 0, -0.593859, -0.707732, 0.191342, 35.2451, 1, -85.0894)
shape = SubResource("6")

[node name="OuterPillarE7" type="CollisionShape3D" parent="Pillars"]
transform = Transform3D(0.382683, 0, 0.92388, 0, 1, 0, -0.92388, 0, 0.382683, 36.4888, -3.5, -88.092)
shape = SubResource("8")

[node name="OuterPillarF7" type="CollisionShape3D" parent="Pillars"]
transform = Transform3D(0.382683, 0, 0.92388, 0, 1, 0, -0.92388, 0, 0.382683, 37.6369, 8.7, -90.8636)
shape = SubResource("9")

[node name="OuterPillarG7" type="CollisionShape3D" parent="Pillars"]
transform = Transform3D(-1.38582, 0, 0.382683, 0, 1, 0, -0.574025, 0, -0.92388, 39.646, 2, -95.714)
shape = SubResource("8")

[node name="OuterPillarH7" type="CollisionShape3D" parent="Pillars"]
transform = Transform3D(0.205262, -0.205262, 0.956941, 0.707108, 0.707108, 0, -0.67666, 0.67666, 0.290284, 23.6872, 5.9, -78.0864)
shape = SubResource("10")

[node name="OuterPillarA8" type="CollisionShape3D" parent="Pillars"]
transform = Transform3D(0.19509, 0, 0.980785, 0, 1, 0, -0.980785, 0, 0.19509, 15.139, -15, -76.1089)
shape = SubResource("5")

[node name="OuterPillarB8" type="CollisionShape3D" parent="Pillars"]
transform = Transform3D(0.13795, -0.13795, 0.980785, 0.707107, 0.707107, 0, -0.69352, 0.69352, 0.19509, 15.6755, 4.5, -78.8061)
shape = SubResource("6")

[node name="OuterPillarC8" type="CollisionShape3D" parent="Pillars"]
transform = Transform3D(0.19509, 0, 0.980785, 0, 1, 0, -0.980785, 0, 0.19509, 18.2604, 5.5, -91.8015)
shape = SubResource("7")

[node name="OuterPillarD8" type="CollisionShape3D" parent="Pillars"]
transform = Transform3D(0.125402, 0.149448, 0.490393, -0.766044, 0.642788, 0, -0.630437, -0.751325, 0.097545, 17.9678, 1, -90.3303)
shape = SubResource("6")

[node name="OuterPillarE8" type="CollisionShape3D" parent="Pillars"]
transform = Transform3D(0.19509, 0, 0.980785, 0, 1, 0, -0.980785, 0, 0.19509, 18.6018, -3.5, -93.5178)
shape = SubResource("8")

[node name="OuterPillarF8" type="CollisionShape3D" parent="Pillars"]
transform = Transform3D(0.19509, 0, 0.980785, 0, 1, 0, -0.980785, 0, 0.19509, 19.1871, 8.7, -96.4602)
shape = SubResource("9")

[node name="OuterPillarG8" type="CollisionShape3D" parent="Pillars"]
transform = Transform3D(-1.47118, 0, 0.19509, 0, 1, 0, -0.292635, 0, -0.980786, 20.2113, 2, -101.609)
shape = SubResource("8")

[node name="OuterPillarH8" type="CollisionShape3D" parent="Pillars"]
transform = Transform3D(0.0693083, -0.0693083, 0.995185, 0.707108, 0.707108, 0, -0.703703, 0.703703, 0.0980167, 7.99819, 5.9, -81.2071)
shape = SubResource("10")

[node name="OuterPillarA9" type="CollisionShape3D" parent="Pillars"]
transform = Transform3D(-1.62921e-07, 0, 1, 0, 1, 0, -1, 0, -1.62921e-07, -1.26426e-05, -15, -77.6)
shape = SubResource("5")

[node name="OuterPillarB9" type="CollisionShape3D" parent="Pillars"]
transform = Transform3D(-1.15203e-07, 1.15203e-07, 1, 0.707107, 0.707107, 0, -0.707107, 0.707107, -1.62921e-07, -1.30906e-05, 4.5, -80.35)
shape = SubResource("6")

[node name="OuterPillarC9" type="CollisionShape3D" parent="Pillars"]
transform = Transform3D(-1.62921e-07, 0, 1, 0, 1, 0, -1, 0, -1.62921e-07, -1.52493e-05, 5.5, -93.6)
shape = SubResource("7")

[node name="OuterPillarD9" type="CollisionShape3D" parent="Pillars"]
transform = Transform3D(-1.04724e-07, -1.24805e-07, 0.5, -0.766044, 0.642788, 0, -0.642788, -0.766044, -8.14605e-08, -1.5005e-05, 1, -92.1)
shape = SubResource("6")

[node name="OuterPillarE9" type="CollisionShape3D" parent="Pillars"]
transform = Transform3D(-1.62921e-07, 0, 1, 0, 1, 0, -1, 0, -1.62921e-07, -1.55344e-05, -3.5, -95.35)
shape = SubResource("8")

[node name="OuterPillarF9" type="CollisionShape3D" parent="Pillars"]
transform = Transform3D(-1.62921e-07, 0, 1, 0, 1, 0, -1, 0, -1.62921e-07, -1.60232e-05, 8.7, -98.35)
shape = SubResource("9")

[node name="OuterPillarG9" type="CollisionShape3D" parent="Pillars"]
transform = Transform3D(-1.5, 0, -3.25842e-07, 0, 1, 0, 4.88763e-07, 0, -1, -1.68785e-05, 2, -103.6)
shape = SubResource("8")

[node name="OuterPillarH9" type="CollisionShape3D" parent="Pillars"]
transform = Transform3D(-0.0693091, 0.0693091, 0.995185, 0.707108, 0.707108, 0, -0.703703, 0.703703, -0.0980178, -7.99822, 5.9, -81.2071)
shape = SubResource("10")

[node name="OuterPillarA10" type="CollisionShape3D" parent="Pillars"]
transform = Transform3D(-0.195091, 0, 0.980785, 0, 1, 0, -0.980785, 0, -0.195091, -15.139, -15, -76.1089)
shape = SubResource("5")

[node name="OuterPillarB10" type="CollisionShape3D" parent="Pillars"]
transform = Transform3D(-0.13795, 0.13795, 0.980785, 0.707107, 0.707107, 0, -0.69352, 0.69352, -0.195091, -15.6755, 4.5, -78.8061)
shape = SubResource("6")

[node name="OuterPillarC10" type="CollisionShape3D" parent="Pillars"]
transform = Transform3D(-0.195091, 0, 0.980785, 0, 1, 0, -0.980785, 0, -0.195091, -18.2605, 5.5, -91.8015)
shape = SubResource("7")

[node name="OuterPillarD10" type="CollisionShape3D" parent="Pillars"]
transform = Transform3D(-0.125402, -0.149448, 0.490393, -0.766044, 0.642788, 0, -0.630437, -0.751325, -0.0975455, -17.9678, 1, -90.3303)
shape = SubResource("6")

[node name="OuterPillarE10" type="CollisionShape3D" parent="Pillars"]
transform = Transform3D(-0.195091, 0, 0.980785, 0, 1, 0, -0.980785, 0, -0.195091, -18.6019, -3.5, -93.5178)
shape = SubResource("8")

[node name="OuterPillarF10" type="CollisionShape3D" parent="Pillars"]
transform = Transform3D(-0.195091, 0, 0.980785, 0, 1, 0, -0.980785, 0, -0.195091, -19.1871, 8.7, -96.4602)
shape = SubResource("9")

[node name="OuterPillarG10" type="CollisionShape3D" parent="Pillars"]
transform = Transform3D(-1.47118, 0, -0.195091, 0, 1, 0, 0.292637, 0, -0.980785, -20.2114, 2, -101.609)
shape = SubResource("8")

[node name="OuterPillarA11" type="CollisionShape3D" parent="Pillars"]
transform = Transform3D(0.980785, 0, -0.19509, 0, 1, 0, 0.19509, 0, 0.980785, 76.1089, -15, 15.139)
shape = SubResource("5")

[node name="OuterPillarB11" type="CollisionShape3D" parent="Pillars"]
transform = Transform3D(0.69352, -0.69352, -0.19509, 0.707107, 0.707107, 0, 0.13795, -0.13795, 0.980785, 78.8061, 4.5, 15.6755)
shape = SubResource("6")

[node name="OuterPillarC11" type="CollisionShape3D" parent="Pillars"]
transform = Transform3D(0.980785, 0, -0.19509, 0, 1, 0, 0.19509, 0, 0.980785, 91.8015, 5.5, 18.2604)
shape = SubResource("7")

[node name="OuterPillarD11" type="CollisionShape3D" parent="Pillars"]
transform = Transform3D(0.630437, 0.751325, -0.097545, -0.766044, 0.642788, 0, 0.125402, 0.149448, 0.490393, 90.3303, 1, 17.9678)
shape = SubResource("6")

[node name="OuterPillarE11" type="CollisionShape3D" parent="Pillars"]
transform = Transform3D(0.980785, 0, -0.19509, 0, 1, 0, 0.19509, 0, 0.980785, 93.5178, -3.5, 18.6018)
shape = SubResource("8")

[node name="OuterPillarF11" type="CollisionShape3D" parent="Pillars"]
transform = Transform3D(0.980785, 0, -0.19509, 0, 1, 0, 0.19509, 0, 0.980785, 96.4602, 8.7, 19.1871)
shape = SubResource("9")

[node name="OuterPillarG11" type="CollisionShape3D" parent="Pillars"]
transform = Transform3D(0.292635, 0, 0.980786, 0, 1, 0, -1.47118, 0, 0.19509, 101.609, 2, 20.2113)
shape = SubResource("8")

[node name="OuterPillarH11" type="CollisionShape3D" parent="Pillars"]
transform = Transform3D(0.703703, -0.703703, -0.0980169, 0.707108, 0.707108, 0, 0.0693084, -0.0693084, 0.995185, 81.2071, 5.9, 7.9982)
shape = SubResource("10")

[node name="OuterPillarA12" type="CollisionShape3D" parent="Pillars"]
transform = Transform3D(0.923879, 0, -0.382683, 0, 1, 0, 0.382683, 0, 0.923879, 71.6931, -15, 29.6962)
shape = SubResource("5")

[node name="OuterPillarB12" type="CollisionShape3D" parent="Pillars"]
transform = Transform3D(0.653282, -0.653282, -0.382683, 0.707107, 0.707107, 0, 0.270598, -0.270598, 0.92388, 74.2338, 4.5, 30.7486)
shape = SubResource("6")

[node name="OuterPillarC12" type="CollisionShape3D" parent="Pillars"]
transform = Transform3D(0.92388, 0, -0.382683, 0, 1, 0, 0.382683, 0, 0.92388, 86.4752, 5.5, 35.8191)
shape = SubResource("7")

[node name="OuterPillarD12" type="CollisionShape3D" parent="Pillars"]
transform = Transform3D(0.593859, 0.707732, -0.191342, -0.766044, 0.642788, 0, 0.245984, 0.293152, 0.46194, 85.0894, 1, 35.2451)
shape = SubResource("6")

[node name="OuterPillarE12" type="CollisionShape3D" parent="Pillars"]
transform = Transform3D(0.92388, 0, -0.382683, 0, 1, 0, 0.382683, 0, 0.92388, 88.092, -3.5, 36.4888)
shape = SubResource("8")

[node name="OuterPillarF12" type="CollisionShape3D" parent="Pillars"]
transform = Transform3D(0.92388, 0, -0.382683, 0, 1, 0, 0.382683, 0, 0.92388, 90.8636, 8.7, 37.6369)
shape = SubResource("9")

[node name="OuterPillarG12" type="CollisionShape3D" parent="Pillars"]
transform = Transform3D(0.574025, 0, 0.92388, 0, 1, 0, -1.38582, 0, 0.382683, 95.714, 2, 39.646)
shape = SubResource("8")

[node name="OuterPillarH12" type="CollisionShape3D" parent="Pillars"]
transform = Transform3D(0.67666, -0.67666, -0.290284, 0.707108, 0.707108, 0, 0.205262, -0.205262, 0.956941, 78.0864, 5.9, 23.6872)
shape = SubResource("10")

[node name="OuterPillarA13" type="CollisionShape3D" parent="Pillars"]
transform = Transform3D(0.83147, 0, -0.55557, 0, 1, 0, 0.55557, 0, 0.83147, 64.522, -15, 43.1123)
shape = SubResource("5")

[node name="OuterPillarB13" type="CollisionShape3D" parent="Pillars"]
transform = Transform3D(0.587938, -0.587938, -0.55557, 0.707107, 0.707107, 0, 0.392847, -0.392847, 0.83147, 66.8085, 4.5, 44.6401)
shape = SubResource("6")

[node name="OuterPillarC13" type="CollisionShape3D" parent="Pillars"]
transform = Transform3D(0.83147, 0, -0.55557, 0, 1, 0, 0.55557, 0, 0.83147, 77.8255, 5.5, 52.0014)
shape = SubResource("7")

[node name="OuterPillarD13" type="CollisionShape3D" parent="Pillars"]
transform = Transform3D(0.534459, 0.636943, -0.277785, -0.766044, 0.642788, 0, 0.357114, 0.425591, 0.415735, 76.5783, 1, 51.1681)
shape = SubResource("6")

[node name="OuterPillarE13" type="CollisionShape3D" parent="Pillars"]
transform = Transform3D(0.83147, 0, -0.55557, 0, 1, 0, 0.55557, 0, 0.83147, 79.2806, -3.5, 52.9737)
shape = SubResource("8")

[node name="OuterPillarF13" type="CollisionShape3D" parent="Pillars"]
transform = Transform3D(0.83147, 0, -0.55557, 0, 1, 0, 0.55557, 0, 0.83147, 81.775, 8.7, 54.6404)
shape = SubResource("9")

[node name="OuterPillarG13" type="CollisionShape3D" parent="Pillars"]
transform = Transform3D(0.833355, 0, 0.83147, 0, 1, 0, -1.24721, 0, 0.55557, 86.1402, 2, 57.5571)
shape = SubResource("8")

[node name="OuterPillarH13" type="CollisionShape3D" parent="Pillars"]
transform = Transform3D(0.623613, -0.623613, -0.471397, 0.707108, 0.707108, 0, 0.333328, -0.333328, 0.881922, 71.9648, 5.9, 38.466)
shape = SubResource("10")

[node name="OuterPillarA14" type="CollisionShape3D" parent="Pillars"]
transform = Transform3D(0.707107, 0, -0.707107, 0, 1, 0, 0.707107, 0, 0.707107, 54.8715, -15, 54.8715)
shape = SubResource("5")

[node name="OuterPillarB14" type="CollisionShape3D" parent="Pillars"]
transform = Transform3D(0.5, -0.5, -0.707107, 0.707107, 0.707107, 0, 0.5, -0.5, 0.707107, 56.816, 4.5, 56.816)
shape = SubResource("6")

[node name="OuterPillarC14" type="CollisionShape3D" parent="Pillars"]
transform = Transform3D(0.707107, 0, -0.707107, 0, 1, 0, 0.707107, 0, 0.707107, 66.1852, 5.5, 66.1852)
shape = SubResource("7")

[node name="OuterPillarD14" type="CollisionShape3D" parent="Pillars"]
transform = Transform3D(0.45452, 0.541675, -0.353553, -0.766044, 0.642788, 0, 0.45452, 0.541675, 0.353553, 65.1245, 1, 65.1245)
shape = SubResource("6")

[node name="OuterPillarE14" type="CollisionShape3D" parent="Pillars"]
transform = Transform3D(0.707107, 0, -0.707107, 0, 1, 0, 0.707107, 0, 0.707107, 67.4226, -3.5, 67.4226)
shape = SubResource("8")

[node name="OuterPillarF14" type="CollisionShape3D" parent="Pillars"]
transform = Transform3D(0.707107, 0, -0.707107, 0, 1, 0, 0.707107, 0, 0.707107, 69.544, 8.7, 69.544)
shape = SubResource("9")

[node name="OuterPillarG14" type="CollisionShape3D" parent="Pillars"]
transform = Transform3D(1.06066, 0, 0.707107, 0, 1, 0, -1.06066, 0, 0.707107, 73.2563, 2, 73.2563)
shape = SubResource("8")

[node name="OuterPillarH14" type="CollisionShape3D" parent="Pillars"]
transform = Transform3D(0.546602, -0.546602, -0.634393, 0.707108, 0.707108, 0, 0.448584, -0.448584, 0.773011, 63.0777, 5.9, 51.7665)
shape = SubResource("10")

[node name="OuterPillarA15" type="CollisionShape3D" parent="Pillars"]
transform = Transform3D(0.55557, 0, -0.83147, 0, 1, 0, 0.83147, 0, 0.55557, 43.1122, -15, 64.522)
shape = SubResource("5")

[node name="OuterPillarB15" type="CollisionShape3D" parent="Pillars"]
transform = Transform3D(0.392847, -0.392847, -0.83147, 0.707107, 0.707107, 0, 0.587938, -0.587938, 0.55557, 44.64, 4.5, 66.8085)
shape = SubResource("6")

[node name="OuterPillarC15" type="CollisionShape3D" parent="Pillars"]
transform = Transform3D(0.55557, 0, -0.83147, 0, 1, 0, 0.83147, 0, 0.55557, 52.0013, 5.5, 77.8255)
shape = SubResource("7")

[node name="OuterPillarD15" type="CollisionShape3D" parent="Pillars"]
transform = Transform3D(0.357114, 0.425591, -0.415735, -0.766044, 0.642788, 0, 0.534459, 0.636943, 0.277785, 51.168, 1, 76.5783)
shape = SubResource("6")

[node name="OuterPillarE15" type="CollisionShape3D" parent="Pillars"]
transform = Transform3D(0.55557, 0, -0.83147, 0, 1, 0, 0.83147, 0, 0.55557, 52.9736, -3.5, 79.2806)
shape = SubResource("8")

[node name="OuterPillarF15" type="CollisionShape3D" parent="Pillars"]
transform = Transform3D(0.55557, 0, -0.83147, 0, 1, 0, 0.83147, 0, 0.55557, 54.6403, 8.7, 81.775)
shape = SubResource("9")

[node name="OuterPillarG15" type="CollisionShape3D" parent="Pillars"]
transform = Transform3D(1.2472, 0, 0.55557, 0, 1, 0, -0.833355, 0, 0.83147, 57.557, 2, 86.1402)
shape = SubResource("8")

[node name="OuterPillarH15" type="CollisionShape3D" parent="Pillars"]
transform = Transform3D(0.448584, -0.448584, -0.773011, 0.707108, 0.707108, 0, 0.546601, -0.546601, 0.634394, 51.7665, 5.9, 63.0777)
shape = SubResource("10")

[node name="OuterPillarA16" type="CollisionShape3D" parent="Pillars"]
transform = Transform3D(0.382683, 0, -0.923879, 0, 1, 0, 0.923879, 0, 0.382683, 29.6962, -15, 71.6931)
shape = SubResource("5")

[node name="OuterPillarB16" type="CollisionShape3D" parent="Pillars"]
transform = Transform3D(0.270598, -0.270598, -0.92388, 0.707107, 0.707107, 0, 0.653282, -0.653282, 0.382683, 30.7486, 4.5, 74.2338)
shape = SubResource("6")

[node name="OuterPillarC16" type="CollisionShape3D" parent="Pillars"]
transform = Transform3D(0.382683, 0, -0.92388, 0, 1, 0, 0.92388, 0, 0.382683, 35.8191, 5.5, 86.4752)
shape = SubResource("7")

[node name="OuterPillarD16" type="CollisionShape3D" parent="Pillars"]
transform = Transform3D(0.245984, 0.293152, -0.46194, -0.766044, 0.642788, 0, 0.593859, 0.707732, 0.191342, 35.2451, 1, 85.0894)
shape = SubResource("6")

[node name="OuterPillarE16" type="CollisionShape3D" parent="Pillars"]
transform = Transform3D(0.382683, 0, -0.92388, 0, 1, 0, 0.92388, 0, 0.382683, 36.4888, -3.5, 88.092)
shape = SubResource("8")

[node name="OuterPillarF16" type="CollisionShape3D" parent="Pillars"]
transform = Transform3D(0.382683, 0, -0.92388, 0, 1, 0, 0.92388, 0, 0.382683, 37.6369, 8.7, 90.8636)
shape = SubResource("9")

[node name="OuterPillarG16" type="CollisionShape3D" parent="Pillars"]
transform = Transform3D(1.38582, 0, 0.382683, 0, 1, 0, -0.574025, 0, 0.92388, 39.646, 2, 95.714)
shape = SubResource("8")

[node name="OuterPillarH16" type="CollisionShape3D" parent="Pillars"]
transform = Transform3D(0.333328, -0.333328, -0.881922, 0.707108, 0.707108, 0, 0.623613, -0.623613, 0.471397, 38.466, 5.9, 71.9648)
shape = SubResource("10")

